raster/subset.asc
ncols        161
nrows        184
xllcorner    314730.619071083551
yllcorner    4458361.610961413942
cellsize     4.998588763842
NODATA_value  -99999
[rows 80 to 99 of 184, columns 0 to 44 of 161]
2215.3759765625 2215.3759765625 2208.64697265625 2207.85693359375 2207.132080078125 2202.347900390625 2200.035888671875 2199.277099609375 2197.076904296875 2193.718017578125 2190.70703125 2187.89208984375 2184.875 2182.22705078125 2179.2490234375 2175.58203125 2173.044921875 2170.385009765625 2168.64404296875 2164.423095703125 2162 2160.68505859375 2158.501953125 2156.22998046875 2152.784912109375 2148.31298828125 2145.071044921875 2141.196044921875 2137.001953125 2132.031005859375 2123.85009765625 2120.0830078125 2117.132080078125 2113.843017578125 2110.639892578125 2107.218994140625 2104.0029296875 2099.85888671875 2095.905029296875 2093.4169921875 2089.876953125 2086.19091796875 2081.89404296875 2078.635009765625 2076.39404296875
2213.467041015625 2213.467041015625 2205.1689453125 2200.985107421875 2198.428955078125 2196.794921875 2196.69091796875 2196.574951171875 2194.675048828125 2192.196044921875 2189.93896484375 2186.5810546875 2184.00390625 2181.345947265625 2178.126953125 2175.052001953125 2171.806884765625 2168.02001953125 2166.19091796875 2161.153076171875 2158.39208984375 2156.886962890625 2155.068115234375 2153.806884765625 2151.951904296875 2148.97998046875 2145.883056640625 2142.68701171875 2137.87109375 2132.698974609375 2124.330078125 2121.22607421875 2118.00390625 2114.8291015625 2111.610107421875 2108.77490234375 2105.72900390625 2100.39111328125 2094.468017578125 2090.840087890625 2087.571044921875 2084.614013671875 2081.19091796875 2077.922119140625 2074.22705078125
2196.587890625 2196.587890625 2193.302978515625 2192.114013671875 2190.618896484375 2190.260986328125 2190.95703125 2194.751953125 2192.468017578125 2188.47900390625 2186.201904296875 2183.881103515625 2182.030029296875 2179.93896484375 2177.492919921875 2174.87890625 2171.653076171875 2168.2919921875 2162.947021484375 2158.37890625 2154.26806640625 2150.152099609375 2148.135009765625 2147.22509765625 2148.412109375 2147.677978515625 2144.52001953125 2140.31591796875 2134.4140625 2130.818115234375 2126.678955078125 2123.5029296875 2121.298095703125 2117.797119140625 2113.68505859375 2112.306884765625 2107.44189453125 2102.69091796875 2096.822021484375 2091.172119140625 2086.10791015625 2083.31396484375 2079.527099609375 2076.823974609375 2074.01806640625
2191.376953125 2191.376953125 2190.362060546875 2188.27197265625 2187.43994140625 2186.3798828125 2188.865966796875 2194.948974609375 2190.679931640625 2185.341064453125 2181.8759765625 2180.18798828125 2178.677978515625 2177.114013671875 2175.22705078125 2173.791015625 2170.781005859375 2166.660888671875 2160.577880859375 2157.39111328125 2153.302001953125 2147.299072265625 2145.072021484375 2143.97509765625 2144.673095703125 2144.8779296875 2142.610107421875 2139.330078125 2136.327880859375 2132.3291015625 2129.055908203125 2121.3779296875 2117.715087890625 2112.615966796875 2109.409912109375 2105.010009765625 2102.85888671875 2101.416015625 2095.60302734375 2089.3349609375 2085.31494140625 2082.85009765625 2078.095947265625 2075.6630859375 2073.7060546875
2187.60498046875 2187.60498046875 2185.93603515625 2184.930908203125 2184.051025390625 2183.75390625 2184.40087890625 2190.05908203125 2194.044921875 2184.616943359375 2179.194091796875 2176.906982421875 2174.952880859375 2170.47802734375 2168.7099609375 2169.14501953125 2166.681884765625 2162.01708984375 2155.804931640625 2151.89501953125 2147.735107421875 2145.361083984375 2141.925048828125 2141.5048828125 2141.155029296875 2142.155029296875 2142.034912109375 2140.5419921875 2138.592041015625 2135.260009765625 2130.611083984375 2121.794921875 2115.902099609375 2112.10302734375 2105.592041015625 2100.0458984375 2096.712890625 2096.806884765625 2093.1640625 2087.031982421875 2083.05810546875 2081.468994140625 2077.470947265625 2073.708984375 2070.9208984375
2184.9169921875 2184.9169921875 2182.930908203125 2181.1201171875 2180.177001953125 2179.528076171875 2179.781005859375 2183.736083984375 2187.907958984375 2180.7509765625 2176.5859375 2172.572998046875 2171.39501953125 2168.29296875 2162.70703125 2162.883056640625 2160.450927734375 2155.06396484375 2151.156982421875 2144.010986328125 2142.577880859375 2138.781982421875 2137.18603515625 2137.68798828125 2138.62890625 2139.743896484375 2141.0849609375 2141.408935546875 2139.631103515625 2135.822021484375 2126.639892578125 2119.822021484375 2113.822998046875 2107.056884765625 2100.85888671875 2095.85888671875 2092.02197265625 2088.55908203125 2086.35302734375 2082.044921875 2079.966064453125 2078.4560546875 2074.4599609375 2072.205078125 2070.0859375
2183.64599609375 2183.64599609375 2181.56689453125 2177.924072265625 2176.06103515625 2175.23388671875 2175.4609375 2178.611083984375 2184.27587890625 2177.75 2172.837890625 2167.197021484375 2166.43603515625 2163.35400390625 2156.98095703125 2156.406005859375 2154.201904296875 2150.031982421875 2142.3740234375 2139.095947265625 2137.8359375 2134.306884765625 2133.447021484375 2134.637939453125 2137.22900390625 2137.69091796875 2138.778076171875 2138.614013671875 2138.364990234375 2136.35888671875 2127.618896484375 2111.720947265625 2107.93505859375 2103.885009765625 2098.89794921875 2095.152099609375 2088.26904296875 2085.407958984375 2082.652099609375 2077.051025390625 2074.3349609375 2072.7490234375 2070.76708984375 2070.06591796875 2068.679931640625
2181.5458984375 2181.5458984375 2178.041015625 2175.10302734375 2172.76904296875 2172.159912109375 2172.4951171875 2171.54296875 2172.260986328125 2171.51708984375 2167.489990234375 2163.16796875 2156.282958984375 2153.819091796875 2148.468017578125 2150.577880859375 2149.739013671875 2147.928955078125 2139.738037109375 2135.70703125 2133.77490234375 2130.912109375 2130.345947265625 2130.718994140625 2134.027099609375 2135.972900390625 2134.657958984375 2134.54296875 2133.68798828125 2131.010009765625 2126.52001953125 2113.472900390625 2106.55810546875 2100.43408203125 2097.114990234375 2093.763916015625 2087.14404296875 2082.304931640625 2080.575927734375 2075.468017578125 2072.0009765625 2069.93603515625 2065.81591796875 2064.320068359375 2062.282958984375
2179.6220703125 2179.6220703125 2177.001953125 2173.3720703125 2169.89111328125 2167.527099609375 2167.2900390625 2165.9208984375 2166.863037109375 2164.972900390625 2161.801025390625 2154.77587890625 2148.238037109375 2145.7451171875 2145.22607421875 2146.31396484375 2145.218017578125 2135.239013671875 2131.77587890625 2130.97802734375 2130.6298828125 2128.154052734375 2126.02197265625 2124.840087890625 2127.718994140625 2127.35888671875 2127.02197265625 2129.58203125 2128.114013671875 2124.02001953125 2119.342041015625 2112.760986328125 2108.14599609375 2102.462890625 2094.617919921875 2088.3291015625 2083.889892578125 2079.416015625 2075.387939453125 2071.31591796875 2069.714111328125 2066.825927734375 2063.157958984375 2060.962890625 2059.955078125
2177.510009765625 2177.510009765625 2175.30908203125 2171.863037109375 2167.652099609375 2164.22412109375 2160.43310546875 2156.906005859375 2155.47998046875 2154.677001953125 2151.19189453125 2147.4130859375 2144.074951171875 2140.824951171875 2137.8369140625 2135.75390625 2132.034912109375 2127.3349609375 2128.135986328125 2128.922119140625 2126.94189453125 2125.64697265625 2122.339111328125 2117.992919921875 2118.488037109375 2119.791015625 2121.93310546875 2126.535888671875 2123.323974609375 2117.363037109375 2113.93310546875 2110.8798828125 2105.468017578125 2100.875 2094.236083984375 2085.55908203125 2081.787109375 2078.23095703125 2075.297119140625 2069.56201171875 2066.945068359375 2061.9560546875 2060.572998046875 2059.072021484375 2058.155029296875
2174.948974609375 2174.948974609375 2169.862060546875 2168.625 2165.875 2162.35791015625 2158.529052734375 2155.162109375 2151.193115234375 2144.95703125 2136.4951171875 2137.652099609375 2135.625 2133.452880859375 2129.3759765625 2124.84912109375 2123.60693359375 2124.23095703125 2124.860107421875 2122.89794921875 2114.37890625 2120.532958984375 2118.8310546875 2113.0791015625 2111.658935546875 2114.7490234375 2120.719970703125 2122.220947265625 2119.916015625 2115.56689453125 2111.258056640625 2107.470947265625 2102.762939453125 2098.6220703125 2095.02587890625 2088.89990234375 2079.993896484375 2075.68505859375 2072.867919921875 2065.70703125 2062.77099609375 2059.594970703125 2057.553955078125 2056.6650390625 2054.403076171875
2171.425048828125 2171.425048828125 2166.239990234375 2162.56298828125 2159.423095703125 2155.76904296875 2154.10498046875 2150.052978515625 2144.780029296875 2137.39990234375 2130.883056640625 2126.91796875 2122.424072265625 2120.804931640625 2119.47607421875 2118.3359375 2116.594970703125 2110.56201171875 2111.740966796875 2108.739990234375 2105.300048828125 2104.508056640625 2104.01708984375 2104.239990234375 2104.830078125 2112.533935546875 2118.781982421875 2118.8798828125 2117.299072265625 2116.1689453125 2113.2119140625 2111.47509765625 2105.06201171875 2098.035888671875 2092.572998046875 2087.174072265625 2081.39599609375 2073.614990234375 2068.6708984375 2063.2060546875 2059.639892578125 2055.74609375 2054.403076171875 2053.346923828125 2051.14111328125
2166.868896484375 2166.868896484375 2162.595947265625 2155.705078125 2153.75390625 2152.154052734375 2149.669921875 2143.64404296875 2138.23095703125 2127.675048828125 2121.049072265625 2118.6298828125 2118.089111328125 2116.58203125 2114.652099609375 2108.1689453125 2105.62890625 2103.0029296875 2103.27392578125 2102.68798828125 2100.498046875 2099.716064453125 2099.14697265625 2098.6298828125 2100.677978515625 2105.698974609375 2110 2113.1220703125 2112.5849609375 2110.047119140625 2110.909912109375 2109.22802734375 2105.591064453125 2101.261962890625 2095.384033203125 2087.031005859375 2080.888916015625 2070.6240234375 2065.3330078125 2060.5439453125 2056.492919921875 2053.60888671875 2050.238037109375 2049.344970703125 2047.2840576171875
2158.2041015625 2158.2041015625 2155.653076171875 2146.60791015625 2147.794921875 2146.22412109375 2142.31103515625 2135.410888671875 2131.298095703125 2121.9189453125 2117.861083984375 2115.527099609375 2115.114990234375 2113.3740234375 2112.1298828125 2106.426025390625 2101.3330078125 2098.986083984375 2097.195068359375 2097.3330078125 2096.72607421875 2096.964111328125 2094.93505859375 2095.139892578125 2097.486083984375 2099.85888671875 2102.635986328125 2103.259033203125 2098.693115234375 2097.1669921875 2098.51806640625 2101.85400390625 2101.239013671875 2104.10791015625 2101.87109375 2096.60400390625 2080.23193359375 2071.875 2064.2900390625 2058.653076171875 2056.5 2051.39892578125 2045.572998046875 2043.2080078125 2042.18603515625
2149.157958984375 2149.157958984375 2146.4990234375 2142.1689453125 2140.009033203125 2139.7060546875 2128.376953125 2126.60498046875 2122.56591796875 2119.133056640625 2115.3740234375 2112.696044921875 2110.032958984375 2109.528076171875 2108.305908203125 2104.787109375 2098.60302734375 2095.297119140625 2093.705078125 2093.0380859375 2092.97802734375 2091.2958984375 2090.924072265625 2093.132080078125 2096.72705078125 2098.989013671875 2098.032958984375 2096.05810546875 2094.125 2093.26708984375 2092.544921875 2093.010986328125 2094.087890625 2099.805908203125 2107.156005859375 2098.85107421875 2089.131103515625 2076.197998046875 2068.56298828125 2060.387939453125 2053.631103515625 2049.52490234375 2043.22705078125 2036.6669921875 2035.2039794921875
2142.031005859375 2142.031005859375 2140.110107421875 2134.825927734375 2131.364990234375 2128.25 2124.243896484375 2122.076904296875 2119.337890625 2117.322998046875 2114.2470703125 2110.51611328125 2107.384033203125 2105.382080078125 2104.958984375 2102.530029296875 2097.10595703125 2092.797119140625 2090.47509765625 2089.741943359375 2088.596923828125 2086.806884765625 2088.06298828125 2093.343017578125 2098.364990234375 2098.780029296875 2095.5810546875 2093.22607421875 2091.989990234375 2088.916015625 2088.77490234375 2088.998046875 2091.050048828125 2094.468994140625 2102.798095703125 2100.89306640625 2093.75390625 2078.27099609375 2072.64306640625 2068.220947265625 2061.43310546875 2053.52490234375 2041.22998046875 2035.7779541015625 2031.791015625
2139.548095703125 2139.548095703125 2135.573974609375 2132.675048828125 2128.6708984375 2126.325927734375 2122.444091796875 2119.513916015625 2118.2548828125 2115.743896484375 2112.291015625 2109.70703125 2107.06298828125 2102.406005859375 2100.01904296875 2098.618896484375 2095.465087890625 2090.738037109375 2086.89306640625 2085.152099609375 2082.93798828125 2081.7900390625 2084.364990234375 2093.33203125 2097.777099609375 2097.339111328125 2093.132080078125 2089.284912109375 2087.9189453125 2083.37109375 2083.633056640625 2085.8720703125 2088.0439453125 2092.006103515625 2093.8720703125 2094.137939453125 2086.345947265625 2081.615966796875 2077.7890625 2065.886962890625 2061.98388671875 2054.89208984375 2044.2750244140625 2036.56103515625 2031.89697265625
2137.181884765625 2137.181884765625 2133.06494140625 2129.757080078125 2126.053955078125 2122.760986328125 2118.780029296875 2115.634033203125 2113.498046875 2109.511962890625 2108.278076171875 2105.98388671875 2104.096923828125 2100.35595703125 2096.302001953125 2093.904052734375 2091.116943359375 2085.037109375 2082.7470703125 2081.006103515625 2079.197021484375 2077.44091796875 2078.659912109375 2088.407958984375 2093.925048828125 2093.114990234375 2087.97607421875 2084.2451171875 2082.9140625 2079.65087890625 2079.926025390625 2083.18701171875 2084.8330078125 2085.404052734375 2084.60400390625 2083.333984375 2087.948974609375 2083.674072265625 2081.59912109375 2075.470947265625 2059.73291015625 2053.071044921875 2046.01904296875 2038.717041015625 2032.2840576171875
2133.85791015625 2133.85791015625 2131.861083984375 2128.94091796875 2125.160888671875 2121.236083984375 2117.85693359375 2113.14697265625 2110.3720703125 2106.736083984375 2104.385986328125 2103.135009765625 2100.781982421875 2097.806884765625 2094.06103515625 2091.55908203125 2087.217041015625 2082.291015625 2077.8740234375 2076.60693359375 2075.37890625 2074.8798828125 2075.715087890625 2085.506103515625 2088.35595703125 2086.050048828125 2079.7080078125 2078.301025390625 2077.468994140625 2076.0830078125 2076.2509765625 2079.83203125 2081.09912109375 2078.803955078125 2078.26708984375 2078.159912109375 2081.362060546875 2078.97998046875 2079.169921875 2074.075927734375 2063.4169921875 2054.68310546875 2048.381103515625 2042.4520263671875 2034.822998046875
2129.722900390625 2129.722900390625 2129.511962890625 2126.69189453125 2120.27099609375 2114.93603515625 2111.83203125 2108.77099609375 2106.1689453125 2102.34912109375 2101.0849609375 2099.3310546875 2098.535888671875 2095.322021484375 2092.18701171875 2088.964111328125 2085.327880859375 2081.23095703125 2075.466064453125 2071.8310546875 2068.9150390625 2067.73291015625 2068.804931640625 2078.949951171875 2078.18505859375 2077.736083984375 2072.8740234375 2069.60791015625 2070.60205078125 2072.89501953125 2072.8720703125 2074.429931640625 2075.260009765625 2075.094970703125 2076.339111328125 2075.597900390625 2073.052978515625 2069.955078125 2071.7509765625 2066.632080078125 2059.9208984375 2053.3798828125 2048.4580078125 2042.0469970703125 2036.384033203125
