raster/subset.asc
ncols        161
nrows        184
xllcorner    314730.619071083551
yllcorner    4458361.610961413942
cellsize     4.998588763842
NODATA_value  -99999
[rows 60 to 79 of 184, columns 0 to 44 of 161]
2255.18798828125 2255.18798828125 2253.071044921875 2250.056884765625 2248.1201171875 2246.826904296875 2245.56591796875 2243.777099609375 2241.8798828125 2238.10400390625 2235.75390625 2232.595947265625 2229.068115234375 2226.037109375 2221.861083984375 2219.299072265625 2216.324951171875 2211.677001953125 2206.716064453125 2203.10107421875 2199.674072265625 2196.64501953125 2193.44189453125 2190.074951171875 2188.89404296875 2187.06689453125 2184.6298828125 2180.908935546875 2175.089111328125 2171.39599609375 2167.77294921875 2164.6220703125 2160.114990234375 2158.115966796875 2156.113037109375 2154.778076171875 2153.8369140625 2152.951904296875 2151.5791015625 2149.201904296875 2144.738037109375 2140.3779296875 2137.373046875 2136.43505859375 2135.195068359375
2254.15087890625 2254.15087890625 2252.5439453125 2249.10205078125 2246.508056640625 2244.968994140625 2244.196044921875 2242.633056640625 2239.5419921875 2237 2234.6201171875 2231.590087890625 2228.9140625 2225.08203125 2222.160888671875 2218.388916015625 2215.4169921875 2210.26611328125 2206.0810546875 2203.343017578125 2199.5791015625 2195.830078125 2192.635009765625 2188.631103515625 2185.19189453125 2182.98388671875 2183.049072265625 2179.886962890625 2175.87890625 2171.537109375 2168.56298828125 2162.35302734375 2157.81201171875 2154.73193359375 2152.281982421875 2150.39990234375 2149.910888671875 2149.214111328125 2147.705078125 2144.633056640625 2141.22607421875 2137.6640625 2133.47412109375 2131.43505859375 2131.37109375
2250.7548828125 2250.7548828125 2248.239013671875 2246.180908203125 2243.85302734375 2242.8359375 2241.85498046875 2240.714111328125 2239.169921875 2236.152099609375 2234.072021484375 2230.72998046875 2227.264892578125 2224.31396484375 2222.113037109375 2217.7119140625 2212.81396484375 2208.68408203125 2204.993896484375 2201.735107421875 2198.444091796875 2194.365966796875 2191.60009765625 2188.080078125 2184.8779296875 2181.199951171875 2177.197021484375 2173.94189453125 2171.798095703125 2168.662109375 2166.743896484375 2162.85498046875 2158.964111328125 2152.4169921875 2148.888916015625 2147.1259765625 2146.626953125 2145.089111328125 2142.64599609375 2140.842041015625 2137.85400390625 2132.805908203125 2129.18896484375 2126.58203125 2124.802001953125
2248.092041015625 2248.092041015625 2245.470947265625 2243.01904296875 2240.81689453125 2239.43701171875 2238.72900390625 2238.506103515625 2235.81494140625 2233.97802734375 2231.926025390625 2228.89697265625 2225.876953125 2224.31005859375 2220.116943359375 2216.862060546875 2210.048095703125 2206.9951171875 2204.156982421875 2200.4970703125 2196.322021484375 2192.22412109375 2188.287109375 2185.009033203125 2182.029052734375 2179.10205078125 2176.419921875 2172.741943359375 2169.514892578125 2166.470947265625 2163.741943359375 2160.98095703125 2156.801025390625 2153.125 2147.001953125 2142.404052734375 2141.074951171875 2139.993896484375 2139.028076171875 2136.201904296875 2132.55908203125 2129.486083984375 2125.77587890625 2123.2919921875 2121.509033203125
2246.74609375 2246.74609375 2243.55810546875 2240.4580078125 2238.077880859375 2235.0830078125 2232.718017578125 2231.77392578125 2230.569091796875 2229.193115234375 2227.760009765625 2226.656005859375 2224.35107421875 2220.716064453125 2218.590087890625 2213.85009765625 2208.471923828125 2206.2919921875 2203.583984375 2200.39697265625 2196.1259765625 2191.47412109375 2187.509033203125 2182.993896484375 2180.3701171875 2178.072021484375 2175.450927734375 2172.89208984375 2168.9169921875 2165.133056640625 2162.200927734375 2159.0869140625 2154.93701171875 2150.386962890625 2145.0791015625 2140.760986328125 2136.9990234375 2134.714111328125 2134.531005859375 2133.261962890625 2128.97412109375 2126.1220703125 2123.05810546875 2120.910888671875 2119.783935546875
2245.468994140625 2245.468994140625 2242.451904296875 2239.405029296875 2236.158935546875 2232.888916015625 2230.2041015625 2228.05908203125 2225.7548828125 2223.3720703125 2221.0009765625 2218.76806640625 2216.6201171875 2214.23291015625 2212.0048828125 2209.24609375 2207.18603515625 2205.10302734375 2201.843017578125 2200.7919921875 2197.16796875 2191.9599609375 2188.214111328125 2182.10498046875 2179.136962890625 2176.431884765625 2174.30810546875 2171.64892578125 2168.697998046875 2165.697998046875 2162.85400390625 2160.091064453125 2156.6640625 2150.699951171875 2142.89404296875 2138.51611328125 2134.85498046875 2131.8720703125 2128.948974609375 2127.64306640625 2125.60888671875 2122.492919921875 2120.43701171875 2119.01611328125 2116.721923828125
2244.284912109375 2244.284912109375 2241.7470703125 2238.64892578125 2235.513916015625 2232.634033203125 2229.3330078125 2226.577880859375 2223.81689453125 2221.10302734375 2218.575927734375 2216.10400390625 2213.5458984375 2211.60205078125 2209.658935546875 2207.281982421875 2205.381103515625 2202.56005859375 2198.569091796875 2196.055908203125 2195.01904296875 2191.760009765625 2185.595947265625 2181.299072265625 2177.8740234375 2174.97998046875 2173.126953125 2171.1259765625 2168.919921875 2166.14306640625 2163.833984375 2160.73193359375 2156.873046875 2151.9189453125 2146.010986328125 2138.1279296875 2133.701904296875 2129.97705078125 2126.666015625 2123.81591796875 2121.14794921875 2118.9970703125 2118.236083984375 2117.156982421875 2113.721923828125
2243.797119140625 2243.797119140625 2240.715087890625 2238.297119140625 2235.60595703125 2232.133056640625 2228.89501953125 2225.72607421875 2222.902099609375 2220.178955078125 2217.4970703125 2215.052978515625 2212.486083984375 2210.35400390625 2208.111083984375 2206.006103515625 2203.402099609375 2200.64892578125 2197.261962890625 2194.237060546875 2191.52294921875 2190.02587890625 2184.47705078125 2179.35791015625 2176.837890625 2174.969970703125 2172.962890625 2170.39990234375 2168.490966796875 2166.285888671875 2163.785888671875 2161.138916015625 2157.575927734375 2153.083984375 2148.337890625 2141.281005859375 2133.672119140625 2130.22509765625 2126.072998046875 2122.91796875 2119.39306640625 2115.98388671875 2112.513916015625 2110.760986328125 2107.2509765625
2244.7548828125 2244.7548828125 2240.468994140625 2237.346923828125 2234.7109375 2232.027099609375 2228.6298828125 2225.095947265625 2222.18505859375 2218.7939453125 2216.091064453125 2213.4970703125 2211.1640625 2209.3349609375 2207.7119140625 2205.3798828125 2202.830078125 2199.681884765625 2196.614013671875 2193.547119140625 2189.674072265625 2186.4599609375 2182.614013671875 2178.014892578125 2175.465087890625 2174.133056640625 2172.34912109375 2168.876953125 2167.946044921875 2165.462890625 2162.70703125 2160.089111328125 2157.218017578125 2153.47900390625 2148.610107421875 2143.674072265625 2132.965087890625 2128.468017578125 2126.304931640625 2122.617919921875 2118.79296875 2114.4208984375 2109.550048828125 2106.43701171875 2101.889892578125
2244.865966796875 2244.865966796875 2240.73388671875 2237.76708984375 2234.134033203125 2230.64306640625 2227.797119140625 2224.321044921875 2221.39990234375 2218.0400390625 2214.39306640625 2211.820068359375 2209.5419921875 2207.407958984375 2205.738037109375 2203.7080078125 2201.510986328125 2198.87890625 2195.758056640625 2192.45703125 2188.888916015625 2185.64892578125 2181.43896484375 2177.23291015625 2172.362060546875 2171.837890625 2167.801025390625 2166.591064453125 2165.054931640625 2163.615966796875 2161.794921875 2158.3349609375 2156.123046875 2152.342041015625 2147.97412109375 2143.797119140625 2135.125 2125.672119140625 2122.965087890625 2121.85009765625 2117.14794921875 2111.0830078125 2106.367919921875 2103.5791015625 2099.199951171875
2247.196044921875 2247.196044921875 2241.489990234375 2237.447998046875 2235.092041015625 2231.452880859375 2227.906005859375 2223.33203125 2219.760986328125 2215.864013671875 2213.157958984375 2209.951904296875 2207.763916015625 2205.52001953125 2203.3779296875 2201.801025390625 2199.91796875 2197.657958984375 2195.305908203125 2192.30810546875 2189.2939453125 2186.908935546875 2182.39892578125 2178.590087890625 2171.70703125 2164.762939453125 2164.700927734375 2163.160888671875 2162.136962890625 2160.787109375 2157.68896484375 2155.919921875 2152.8359375 2150.616943359375 2143.992919921875 2140.533935546875 2133.6689453125 2120.302001953125 2118.2900390625 2119.236083984375 2114.93896484375 2109.080078125 2104.77490234375 2101.93798828125 2098.2509765625
2246.8779296875 2246.8779296875 2240.657958984375 2235.864990234375 2234.741943359375 2230.547119140625 2225.31103515625 2222.7041015625 2219.593017578125 2216.264892578125 2211.698974609375 2208.445068359375 2205.697021484375 2203.06005859375 2200.864013671875 2199.027099609375 2197.31298828125 2195.583984375 2193.971923828125 2192.012939453125 2188.968994140625 2185.48193359375 2181.9619140625 2179.0791015625 2171.676025390625 2162.29296875 2158.27392578125 2154.89599609375 2154.764892578125 2153.64990234375 2152.135009765625 2153.4189453125 2150.60693359375 2146.240966796875 2138.217041015625 2131.674072265625 2126.77099609375 2118.85791015625 2113.903076171875 2112.4609375 2109.402099609375 2105.3310546875 2102.4609375 2101.431884765625 2098.330078125
2244.242919921875 2244.242919921875 2238.158935546875 2233.6220703125 2230.011962890625 2225.35302734375 2222.85400390625 2220.965087890625 2218.364013671875 2214.66796875 2210.653076171875 2206.49609375 2204.050048828125 2201.10791015625 2198.443115234375 2195.89208984375 2194.634033203125 2193.679931640625 2192.284912109375 2189.76611328125 2184.757080078125 2181.883056640625 2178.779052734375 2175.720947265625 2171.137939453125 2164.52197265625 2157.301025390625 2152.51806640625 2149.60888671875 2146.40087890625 2144.614013671875 2145.91796875 2138.69189453125 2134.166015625 2129.284912109375 2125.821044921875 2118.33203125 2114.1650390625 2110.35400390625 2107.867919921875 2105.552001953125 2102.18603515625 2099.968017578125 2100.1220703125 2095.159912109375
2245.98388671875 2245.98388671875 2242.47802734375 2234.799072265625 2226.137939453125 2222.759033203125 2219.89794921875 2217.989013671875 2215.365966796875 2212.22412109375 2207.301025390625 2205.048095703125 2202.68603515625 2199.70703125 2195.3349609375 2192.888916015625 2191.554931640625 2190.7119140625 2190.239990234375 2189.97705078125 2185.091064453125 2179.694091796875 2176.79296875 2172.806884765625 2167.2939453125 2163.197021484375 2158.822021484375 2153.0849609375 2149.3779296875 2145.2529296875 2139.904052734375 2134.284912109375 2129.10595703125 2124.943115234375 2121.073974609375 2117.99609375 2114.35888671875 2111.493896484375 2107.76904296875 2102.931884765625 2099.876953125 2097.218017578125 2095.8291015625 2094.6640625 2092.4560546875
2245.201904296875 2245.201904296875 2242.375 2233.47412109375 2224.48095703125 2221.1259765625 2216.80810546875 2214.41796875 2210.9130859375 2207.031005859375 2204.55810546875 2202.2490234375 2199.243896484375 2195.31298828125 2191.498046875 2190.02099609375 2188.4541015625 2188.035888671875 2186.638916015625 2184.430908203125 2183.72705078125 2177.455078125 2175.39794921875 2171.93505859375 2167.282958984375 2162.574951171875 2158.090087890625 2154.14501953125 2148.656982421875 2143.51904296875 2136.2119140625 2131.294921875 2126.991943359375 2123.3369140625 2117.501953125 2113.449951171875 2111.4150390625 2106.64794921875 2103.22705078125 2101.404052734375 2097.0859375 2094.868896484375 2092.696044921875 2088.9140625 2086.492919921875
2242.322998046875 2242.322998046875 2236.77490234375 2228.22900390625 2221.5849609375 2217.717041015625 2213.660888671875 2210.153076171875 2207.40087890625 2204.263916015625 2201.39990234375 2197.177001953125 2195.68701171875 2191.3359375 2189.23095703125 2186.7080078125 2185.304931640625 2184.863037109375 2183.833984375 2181.759033203125 2176.93505859375 2172.220947265625 2170.197021484375 2167.429931640625 2164.678955078125 2158.68798828125 2154.95703125 2153.824951171875 2143.926025390625 2140.0009765625 2133.80810546875 2129.845947265625 2126.159912109375 2123.162109375 2117.7919921875 2111.906005859375 2107.576904296875 2104.5419921875 2101.31298828125 2098.569091796875 2095.44189453125 2092.9169921875 2090.177978515625 2087.068115234375 2083.949951171875
2239.34912109375 2239.34912109375 2233.2548828125 2226.673095703125 2221.9541015625 2217.10107421875 2213.302001953125 2208.028076171875 2204.3349609375 2201.339111328125 2198.297119140625 2195.385009765625 2192.6650390625 2190.137939453125 2187.050048828125 2184.68505859375 2182.125 2179.955078125 2178.48388671875 2178.23291015625 2173.285888671875 2168.97705078125 2167.0869140625 2163.3720703125 2161.873046875 2155.8701171875 2152.493896484375 2150.818115234375 2145.264892578125 2139.47998046875 2133.514892578125 2129.5 2125.513916015625 2122.47998046875 2119.166015625 2112.2509765625 2106.407958984375 2103.0869140625 2099.841064453125 2097.4130859375 2094.780029296875 2092.382080078125 2089.75 2086.677001953125 2083.674072265625
2233.64306640625 2233.64306640625 2227.708984375 2224.2548828125 2223.56103515625 2218.346923828125 2212.77001953125 2206.718017578125 2202.324951171875 2199.076904296875 2197.097900390625 2193.909912109375 2190.52392578125 2187.550048828125 2184.97607421875 2182.4130859375 2180.49609375 2176.825927734375 2174.701904296875 2172.43505859375 2170.0859375 2167.801025390625 2164.096923828125 2161.18994140625 2156.64697265625 2153.8759765625 2150.23388671875 2149.443115234375 2144.427001953125 2138.700927734375 2133.837890625 2129.839111328125 2124.916015625 2122.169921875 2116.948974609375 2109.29296875 2105.05810546875 2101.741943359375 2098.54296875 2095.679931640625 2093.135986328125 2091.202880859375 2088.678955078125 2087.055908203125 2084.72998046875
2230.2919921875 2230.2919921875 2223.99609375 2221.39306640625 2220.572998046875 2219.174072265625 2210.68603515625 2204.264892578125 2201.458984375 2198.117919921875 2195.071044921875 2192.321044921875 2189.0439453125 2186.04296875 2182.989990234375 2180.10107421875 2176.972900390625 2173.97509765625 2172.02197265625 2169.737060546875 2167.43408203125 2164.594970703125 2161.743896484375 2158.694091796875 2154.3359375 2150.4580078125 2147.761962890625 2145.4560546875 2141.65087890625 2136.0458984375 2131.868896484375 2128.158935546875 2121.6630859375 2116.051025390625 2111.6708984375 2107.126953125 2103.617919921875 2101.012939453125 2097.94189453125 2094.7119140625 2091.87109375 2088.81005859375 2085.10595703125 2083.264892578125 2083.659912109375
2219.006103515625 2219.006103515625 2215.10400390625 2217.02587890625 2216.33203125 2214.1220703125 2205.612060546875 2202.327880859375 2200.3310546875 2196.31591796875 2192.27392578125 2189.93798828125 2187.04296875 2184.452880859375 2181.672119140625 2177.794921875 2175.02392578125 2172.638916015625 2170.19091796875 2167.550048828125 2165.298095703125 2162.3330078125 2158.910888671875 2155.458984375 2151.626953125 2146.705078125 2143.5859375 2140.60400390625 2135.58203125 2130.31298828125 2125.041015625 2120.85400390625 2117.0859375 2113.594970703125 2110.326904296875 2106.839111328125 2103.4189453125 2100.06494140625 2096.904052734375 2094.14404296875 2090.98193359375 2087.06689453125 2083.39208984375 2080.447021484375 2080.14599609375
