raster/subset.asc
ncols        161
nrows        184
xllcorner    314730.619071083551
yllcorner    4458361.610961413942
cellsize     4.998588763842
NODATA_value  -99999
[rows 120 to 139 of 184, columns 0 to 44 of 161]
2043.35498046875 2043.35498046875 2042.300048828125 2038.239013671875 2030.738037109375 2026.3599853515625 2023.9510498046875 2021.260986328125 2021.844970703125 2021.238037109375 2024.116943359375 2027.4830322265625 2028.3609619140625 2027.6619873046875 2029.9139404296875 2027.366943359375 2020.824951171875 2016.8990478515625 2018.2349853515625 2018.071044921875 2016.9849853515625 2019.3909912109375 2007.541015625 1995.4549560546875 1986.6629638671875 1983.9090576171875 1982.166015625 1981.0999755859375 1980.2950439453125 1979.845947265625 1978.7139892578125 1978.3470458984375 1972.5479736328125 1968.2120361328125 1965.5849609375 1965.490966796875 1964.541015625 1965.0670166015625 1964.7159423828125 1965.1090087890625 1965.510986328125 1965.8389892578125 1967.6180419921875 1969.509033203125 1972.4639892578125
2038.822021484375 2038.822021484375 2038.5830078125 2034.2149658203125 2029.383056640625 2024.072021484375 2020.718017578125 2018.2850341796875 2016.333984375 2016.3389892578125 2017.4439697265625 2022.9200439453125 2025.0589599609375 2022.428955078125 2023.3409423828125 2025.3890380859375 2023.7640380859375 2012.844970703125 2010.343017578125 2010.6309814453125 2013.1529541015625 2010.0469970703125 2010.0789794921875 2002.0279541015625 1990.5179443359375 1982.39599609375 1979.8330078125 1978.8580322265625 1977.4110107421875 1976.698974609375 1975.7359619140625 1975.4119873046875 1971.18603515625 1965.8709716796875 1962.68701171875 1962.0789794921875 1961.8790283203125 1961.5860595703125 1961.4630126953125 1961.7080078125 1961.9110107421875 1962.675048828125 1963.9949951171875 1965.094970703125 1967.8189697265625
2034.5679931640625 2034.5679931640625 2031.864013671875 2028.3690185546875 2026.155029296875 2021.3389892578125 2017.759033203125 2014.7490234375 2013.364990234375 2013.35498046875 2012.8790283203125 2015.3079833984375 2014.821044921875 2017.219970703125 2016.4110107421875 2019.2259521484375 2018.3370361328125 2011.1590576171875 2005.926025390625 2006.1429443359375 2004.5560302734375 2002.35498046875 2001.4090576171875 2001.717041015625 1995.154052734375 1989.2130126953125 1978.0169677734375 1974.1610107421875 1969.5140380859375 1971.116943359375 1971.094970703125 1970.0550537109375 1966.7969970703125 1962.7569580078125 1959.52001953125 1958.56201171875 1957.8179931640625 1957.8310546875 1958.5379638671875 1958.2139892578125 1958.1800537109375 1959.1290283203125 1960.89501953125 1962.16796875 1965.1689453125
2033.4539794921875 2033.4539794921875 2030.0770263671875 2026.6650390625 2022.83203125 2019.094970703125 2015.97900390625 2012.719970703125 2010.073974609375 2005.97802734375 2005.77001953125 2006.9759521484375 2007.9549560546875 2007.6180419921875 2006.718994140625 2008.843994140625 2010.6319580078125 2007.7740478515625 2001.448974609375 2000.18896484375 1999.43603515625 1996.5889892578125 1992.4849853515625 1992.552001953125 1992.0780029296875 1991.1080322265625 1979.3170166015625 1971.72998046875 1964.762939453125 1963.7010498046875 1967.60498046875 1964.9139404296875 1961.3179931640625 1957.18994140625 1955.7459716796875 1954.4560546875 1954.4329833984375 1954.300048828125 1954.3399658203125 1954.6739501953125 1954.782958984375 1956.08203125 1957.958984375 1959.551025390625 1962.4320068359375
2029.7049560546875 2029.7049560546875 2025.5999755859375 2022.095947265625 2020.071044921875 2015.7259521484375 2013.5570068359375 2011.0240478515625 2007.5419921875 2003.0279541015625 2000.31298828125 2001.7540283203125 2001.6409912109375 2002.7950439453125 2004.4100341796875 2006.1209716796875 2006.8079833984375 2003.489990234375 2000.18505859375 1995.3800048828125 1994.4010009765625 1992.68798828125 1990.33203125 1984.592041015625 1981.010986328125 1980.344970703125 1974.9520263671875 1969.4930419921875 1962.845947265625 1958.198974609375 1957.321044921875 1956.64794921875 1955.1099853515625 1952.4169921875 1951.9610595703125 1950.93896484375 1950.739990234375 1950.7860107421875 1950.8790283203125 1950.85400390625 1951.614990234375 1952.8699951171875 1954.68701171875 1957.677978515625 1960.4090576171875
2021.7840576171875 2021.7840576171875 2018.4139404296875 2016.6390380859375 2012.593017578125 2013.031982421875 2011.009033203125 2009.094970703125 2003.56103515625 2001.9749755859375 1996.655029296875 1995.300048828125 1998.175048828125 1999.676025390625 1998.4560546875 2000.093017578125 2000.9129638671875 2000.5269775390625 1999.0240478515625 1994.7430419921875 1990.1689453125 1988.8900146484375 1988.5849609375 1982.7030029296875 1980.489990234375 1973.239990234375 1968.8929443359375 1966.3070068359375 1962.1810302734375 1957.2120361328125 1953.448974609375 1951.259033203125 1949.8199462890625 1948.9620361328125 1948.31005859375 1947.071044921875 1947.27197265625 1947.1180419921875 1947.3189697265625 1947.6180419921875 1948.362060546875 1950.1619873046875 1952.1109619140625 1954.925048828125 1957.071044921875
2013.970947265625 2013.970947265625 2012.7640380859375 2011.3690185546875 2009.0159912109375 2006.1669921875 2007.14599609375 2004.573974609375 2000.0279541015625 1996.5250244140625 1993.56103515625 1990.73095703125 1990.824951171875 1992.2550048828125 1993.9610595703125 1994.447998046875 1993.68603515625 1994.4449462890625 1993.0240478515625 1991.583984375 1987.4530029296875 1984.739013671875 1983.3050537109375 1980.633056640625 1978.323974609375 1974.7430419921875 1966.822021484375 1963.6429443359375 1961.2550048828125 1958.14697265625 1953.635009765625 1949.2550048828125 1946.6500244140625 1944.989990234375 1944.719970703125 1943.7850341796875 1943.6409912109375 1943.4200439453125 1944.1419677734375 1944.6939697265625 1945.2509765625 1946.7239990234375 1948.406982421875 1951.23095703125 1953.071044921875
2008.052001953125 2008.052001953125 2008.52099609375 2008.239013671875 2006.4959716796875 2003.7650146484375 2000.3599853515625 1998.5889892578125 1995.2740478515625 1993.1290283203125 1990.906982421875 1987.595947265625 1986.322021484375 1987.1739501953125 1987.47705078125 1989.35400390625 1989.3089599609375 1987.7960205078125 1988.998046875 1988.512939453125 1986.3590087890625 1982.3740234375 1978.824951171875 1975.5250244140625 1971.60498046875 1969.947998046875 1966.9110107421875 1961.18994140625 1958.18603515625 1955.39697265625 1951.375 1947.8299560546875 1945.1729736328125 1942.487060546875 1942.2039794921875 1940.89404296875 1940.4510498046875 1939.698974609375 1940.77197265625 1941.3260498046875 1942.0849609375 1942.7879638671875 1946.0880126953125 1947.29296875 1951.198974609375
2002.261962890625 2002.261962890625 2001.509033203125 2001.9930419921875 2001.623046875 2001.5760498046875 1999.7239990234375 1994.052001953125 1992.009033203125 1990.39794921875 1989.333984375 1984.83203125 1982.458984375 1983.54296875 1982.02197265625 1982.970947265625 1983.6500244140625 1982.446044921875 1983.3740234375 1985.324951171875 1983.0169677734375 1979.885009765625 1977.60595703125 1974.134033203125 1969.39404296875 1966.4310302734375 1963.3289794921875 1959.8289794921875 1955.866943359375 1952.699951171875 1949.6099853515625 1946.1829833984375 1943.366943359375 1941.366943359375 1938.8509521484375 1938.220947265625 1936.989990234375 1936.8260498046875 1937.656005859375 1937.7130126953125 1937.35302734375 1938.7469482421875 1941.0560302734375 1945.2969970703125 1949.8470458984375
2003.0260009765625 2003.0260009765625 1997.6280517578125 1995.407958984375 1994.7060546875 1994.4510498046875 1994.1199951171875 1991.5279541015625 1989.636962890625 1987.39501953125 1985.1259765625 1981.552978515625 1978.9649658203125 1977.114013671875 1977.572021484375 1977.60595703125 1978.220947265625 1978.5560302734375 1979.697998046875 1981.3590087890625 1981.0980224609375 1977.552978515625 1972.5040283203125 1971.1280517578125 1967.217041015625 1964.6820068359375 1962.0240478515625 1958.9990234375 1955.616943359375 1952.1259765625 1948.2540283203125 1945.14697265625 1941.446044921875 1938.5460205078125 1935.4439697265625 1934.31005859375 1932.843017578125 1932.3809814453125 1934.8089599609375 1934.0870361328125 1933.029052734375 1935.0350341796875 1938.3170166015625 1942.916015625 1947.6109619140625
2000.634033203125 2000.634033203125 1996.6070556640625 1993.4200439453125 1990.7750244140625 1990.1739501953125 1990.9439697265625 1989.302978515625 1987.1390380859375 1985.552978515625 1982.4580078125 1978.6689453125 1976.217041015625 1973.958984375 1973.260009765625 1974.241943359375 1975.27001953125 1975.719970703125 1977.157958984375 1977.7220458984375 1976.31201171875 1972.4560546875 1970.551025390625 1964.9610595703125 1963.5570068359375 1961.8409423828125 1960.196044921875 1957.89794921875 1955.0389404296875 1951.8089599609375 1948.866943359375 1945.1319580078125 1940.5030517578125 1936.531982421875 1932.947021484375 1931.4210205078125 1928.968017578125 1928.5560302734375 1931.77001953125 1930.9859619140625 1929.5560302734375 1932.1209716796875 1937.5789794921875 1942.2659912109375 1945.56396484375
1998.7889404296875 1998.7889404296875 1996.20703125 1992.863037109375 1989.0970458984375 1986.3489990234375 1986.237060546875 1985.0689697265625 1983.239013671875 1982.0570068359375 1980.02099609375 1977.8699951171875 1974.0479736328125 1971.824951171875 1970.14599609375 1971.4210205078125 1972.5450439453125 1971.199951171875 1970.3360595703125 1969.926025390625 1967.5679931640625 1967.7320556640625 1966.68798828125 1960.991943359375 1958.8809814453125 1956.5 1955.6650390625 1954.4530029296875 1954.240966796875 1951.35498046875 1950.43798828125 1947.60205078125 1941.7049560546875 1935.3380126953125 1930.0489501953125 1927.2659912109375 1925.4510498046875 1923.5169677734375 1925.0140380859375 1926.75 1926.5169677734375 1928.594970703125 1935.2049560546875 1939.718017578125 1943.3299560546875
1993.7139892578125 1993.7139892578125 1994.18505859375 1991.3699951171875 1988.2960205078125 1983.3680419921875 1981.4219970703125 1980.093017578125 1979.5830078125 1977.907958984375 1977.1190185546875 1974.39501953125 1971.864990234375 1969.3909912109375 1967.2650146484375 1966.031982421875 1969.1099853515625 1966.89697265625 1966.633056640625 1967.1519775390625 1965.04296875 1963.176025390625 1962.4449462890625 1957.3800048828125 1955.2540283203125 1953.7569580078125 1952.1300048828125 1950.050048828125 1948.8909912109375 1947.260009765625 1945.2440185546875 1941.583984375 1936.613037109375 1933.6510009765625 1928.0550537109375 1924.6529541015625 1922.1309814453125 1920.4110107421875 1920.864013671875 1922.31298828125 1922.4300537109375 1923.1519775390625 1930.126953125 1931.988037109375 1938.0419921875
1988.574951171875 1988.574951171875 1987.1090087890625 1986.875 1983.39404296875 1981.5 1979.0269775390625 1976.4000244140625 1975.4830322265625 1974.9200439453125 1973.552001953125 1972.0250244140625 1970.52001953125 1966.4029541015625 1964.385986328125 1962.5880126953125 1962.06005859375 1961.6500244140625 1962.489990234375 1962.376953125 1959.4429931640625 1959.35595703125 1957.970947265625 1955.3380126953125 1951.7359619140625 1949.93896484375 1947.615966796875 1946.6199951171875 1944.322021484375 1942.762939453125 1940.52099609375 1936.781982421875 1934.011962890625 1930.6949462890625 1926.9439697265625 1921.2139892578125 1918.241943359375 1917.1309814453125 1917.698974609375 1918.4029541015625 1918.498046875 1919.8819580078125 1924.9429931640625 1928.302978515625 1933.5269775390625
1981.2430419921875 1981.2430419921875 1979.7039794921875 1978.654052734375 1977.885986328125 1977.7679443359375 1974.5589599609375 1973.5570068359375 1972.0870361328125 1969.7850341796875 1969.220947265625 1968.39697265625 1966.9420166015625 1963.9739990234375 1960.6309814453125 1958.967041015625 1955.9229736328125 1954.9649658203125 1955.81201171875 1955.9110107421875 1956.220947265625 1956.60595703125 1955.321044921875 1953.8189697265625 1950.1300048828125 1947.529052734375 1945.1429443359375 1944.7979736328125 1941.9730224609375 1939.386962890625 1937.39404296875 1934.623046875 1932.5169677734375 1929.948974609375 1923.97998046875 1919.166015625 1915.5140380859375 1913.1009521484375 1913.262939453125 1914.291015625 1914.81494140625 1916.583984375 1921.0419921875 1923.97998046875 1928.68798828125
1981.6109619140625 1981.6109619140625 1978.0050048828125 1975.3170166015625 1973.366943359375 1972.77001953125 1971.531005859375 1969.885009765625 1968.7550048828125 1966.3399658203125 1965.6109619140625 1964.720947265625 1964.45703125 1962.48095703125 1959.491943359375 1956.43798828125 1954.0660400390625 1951.6600341796875 1951.2159423828125 1953.1259765625 1953.385009765625 1953.614990234375 1952.613037109375 1950.10498046875 1947.7679443359375 1943.5400390625 1941.8370361328125 1941.54296875 1940.3699951171875 1936.2230224609375 1933.54296875 1932.6829833984375 1929.93798828125 1927.0849609375 1923.1240234375 1917.595947265625 1913.4029541015625 1910.6400146484375 1910.2020263671875 1910.6510009765625 1912.3199462890625 1914.864990234375 1919.489013671875 1918.5369873046875 1918.2149658203125
1989.0150146484375 1989.0150146484375 1984.1939697265625 1979.406005859375 1972.48095703125 1970.06201171875 1968.281005859375 1966.8690185546875 1965.791015625 1965.45703125 1961.656982421875 1961.237060546875 1961.39697265625 1961.010986328125 1958.31494140625 1954.1689453125 1951.8709716796875 1949.239013671875 1947.134033203125 1946.4420166015625 1947.946044921875 1948.5379638671875 1948.748046875 1946.011962890625 1942.93896484375 1939.2359619140625 1938.0030517578125 1936.552978515625 1934.0870361328125 1932.1009521484375 1930.3089599609375 1928.35205078125 1927.406982421875 1925.092041015625 1921.8170166015625 1918.1309814453125 1911.155029296875 1906.7120361328125 1906.5849609375 1907.43701171875 1908.9530029296875 1911.375 1914.7669677734375 1913.3809814453125 1910.541015625
1993.9720458984375 1993.9720458984375 1990.7950439453125 1983.4859619140625 1976.1429443359375 1969.85205078125 1967.1829833984375 1963.593017578125 1960.1500244140625 1959.3509521484375 1959.56298828125 1954.612060546875 1957.43798828125 1957.6409912109375 1957.405029296875 1953.64697265625 1948.916015625 1946.35205078125 1944.5670166015625 1941.5909423828125 1942.3680419921875 1942.446044921875 1940.14599609375 1938.5250244140625 1936.656982421875 1935.2030029296875 1932.0069580078125 1930.8089599609375 1929.541015625 1928.2540283203125 1925.791015625 1924.300048828125 1924.01904296875 1923.06298828125 1920.2359619140625 1916.77294921875 1911.968017578125 1907.498046875 1902.4129638671875 1901.56494140625 1905.135986328125 1907.968017578125 1908.885009765625 1908.1390380859375 1907.4720458984375
1996.3680419921875 1996.3680419921875 1991.8480224609375 1988.1519775390625 1982.8580322265625 1976.72900390625 1971.76904296875 1962.8179931640625 1958.2640380859375 1956.843994140625 1954.7149658203125 1950.26904296875 1949.404052734375 1950.9610595703125 1951.2060546875 1950.4940185546875 1946.3929443359375 1945.6300048828125 1941.68505859375 1939.197998046875 1937.8800048828125 1937.550048828125 1936.760009765625 1934.1190185546875 1931.3599853515625 1929.2359619140625 1928.0369873046875 1927.1319580078125 1928.0989990234375 1925.9859619140625 1923.81005859375 1920.43505859375 1919.7239990234375 1920.541015625 1918.032958984375 1913.1600341796875 1909.81103515625 1905.7149658203125 1900.5670166015625 1898.60400390625 1900.7259521484375 1902.73095703125 1903.822998046875 1904.3780517578125 1902.76904296875
1996.5369873046875 1996.5369873046875 1992.739013671875 1988.906005859375 1984.751953125 1980.9969482421875 1976.2530517578125 1972.343017578125 1969.0069580078125 1961.27001953125 1952.3480224609375 1948.3349609375 1945.675048828125 1945.97802734375 1945.4990234375 1946.2640380859375 1942.8360595703125 1942.2750244140625 1941.47900390625 1937.7099609375 1934.8470458984375 1933.2469482421875 1933.6610107421875 1932.1319580078125 1929.25 1926.1409912109375 1923.81396484375 1922.8680419921875 1922.7490234375 1921.4420166015625 1918.85498046875 1917.4090576171875 1916.1419677734375 1916.5560302734375 1913.4329833984375 1909.26904296875 1906.56103515625 1903.4239501953125 1899.990966796875 1896.5660400390625 1896.68994140625 1898.010009765625 1900.2149658203125 1900.291015625 1898.625
