raster/subset.asc
ncols        161
nrows        184
xllcorner    314730.619071083551
yllcorner    4458361.610961413942
cellsize     4.998588763842
NODATA_value  -99999
[rows 120 to 139 of 184, columns 45 to 89 of 161]
1976.35205078125 1975.5469970703125 1974.43505859375 1974.5479736328125 1975.7020263671875 1977.2349853515625 1976.7530517578125 1977.3990478515625 1976.2860107421875 1975.116943359375 1973.1729736328125 1970.7509765625 1968.16796875 1963.9310302734375 1963.10205078125 1964.093994140625 1960.989013671875 1949.9859619140625 1944.657958984375 1940.322998046875 1933.81201171875 1920.2659912109375 1913.6240234375 1910.9139404296875 1908.8570556640625 1905.489990234375 1900.7889404296875 1896.7850341796875 1893.373046875 1885.1700439453125 1879.1519775390625 1875.491943359375 1872.1080322265625 1868.3299560546875 1864.75 1861.822021484375 1858.2440185546875 1858.7939453125 1861.2110595703125 1862.7740478515625 1864.1090087890625 1865.029052734375 1865.31005859375 1865.426025390625 1860.06103515625
1972.1490478515625 1970.633056640625 1970.905029296875 1971.8199462890625 1973.2449951171875 1972.968017578125 1974.9739990234375 1974.39404296875 1973.4620361328125 1973.0240478515625 1970.9930419921875 1969.407958984375 1966.8990478515625 1963.3050537109375 1959.9549560546875 1961.4630126953125 1960.7239990234375 1951.739990234375 1946.08203125 1940.06103515625 1934.6180419921875 1924.010986328125 1915.498046875 1908.720947265625 1906.708984375 1903.155029296875 1900.3740234375 1896.6090087890625 1892.5040283203125 1885.6280517578125 1879.8360595703125 1874.116943359375 1870.592041015625 1867.2659912109375 1863.748046875 1860.1610107421875 1856.6949462890625 1854.8699951171875 1857.071044921875 1858.7220458984375 1860.989990234375 1862.20703125 1862.31298828125 1863.094970703125 1859.5169677734375
1967.4019775390625 1967.47802734375 1967.302001953125 1967.31005859375 1967.4449462890625 1968.2659912109375 1968.7130126953125 1969.0469970703125 1969.470947265625 1970.3380126953125 1967.9110107421875 1966.1820068359375 1963.58203125 1960.487060546875 1955.8509521484375 1952.885986328125 1953.58203125 1947.875 1943.0550537109375 1939.14599609375 1936.3060302734375 1925.739990234375 1914.761962890625 1910.426025390625 1905.531005859375 1902.8060302734375 1900.0179443359375 1895.718017578125 1892.717041015625 1886.7850341796875 1879.375 1873.93896484375 1870.239990234375 1866.135009765625 1862.4510498046875 1858.7080078125 1855.488037109375 1852.133056640625 1851.968994140625 1855.406005859375 1855.8470458984375 1858.3680419921875 1858.343017578125 1859.322998046875 1856.9239501953125
1963.8819580078125 1963.8680419921875 1963.8370361328125 1963.1390380859375 1963.5169677734375 1964.843994140625 1963.739013671875 1964.875 1965.3499755859375 1967.43798828125 1966.0350341796875 1963.5179443359375 1960.842041015625 1958.967041015625 1955.81005859375 1950.573974609375 1947.1639404296875 1944.1419677734375 1940.6190185546875 1935.385986328125 1932.4449462890625 1924.8690185546875 1917.303955078125 1910.428955078125 1904.6610107421875 1901.1710205078125 1899.3480224609375 1894.218994140625 1890.91796875 1886.739013671875 1882.448974609375 1874.655029296875 1871.4630126953125 1866.719970703125 1861.9000244140625 1857.7900390625 1854.633056640625 1850.6390380859375 1847.29296875 1851.4119873046875 1852.4510498046875 1854.416015625 1855.5379638671875 1855.47998046875 1854.760986328125
1960.7939453125 1961.260986328125 1961.842041015625 1960.259033203125 1959.9530029296875 1960.14599609375 1959.4239501953125 1961.4339599609375 1961.491943359375 1964.344970703125 1964.449951171875 1962.0830078125 1959.1490478515625 1956.47705078125 1953.969970703125 1951.4930419921875 1944.947998046875 1941.3370361328125 1937.9620361328125 1931.1949462890625 1927.6090087890625 1923.208984375 1914.9599609375 1909.0689697265625 1905.3790283203125 1900.0980224609375 1897.7159423828125 1893.737060546875 1889.635009765625 1887.02197265625 1883.27001953125 1876.988037109375 1872.699951171875 1868.114990234375 1862.092041015625 1856.77197265625 1853.5780029296875 1849.6490478515625 1845.8699951171875 1845.5030517578125 1848.68505859375 1850.3160400390625 1852.198974609375 1851.0660400390625 1851.876953125
1956.5340576171875 1956.5169677734375 1957.030029296875 1956.64599609375 1955.6729736328125 1955.6510009765625 1955.634033203125 1956.8409423828125 1958.949951171875 1962.876953125 1961.20703125 1959.5980224609375 1957.8260498046875 1952.9649658203125 1949.3570556640625 1946.7569580078125 1943.3389892578125 1939.0989990234375 1933.344970703125 1927.9720458984375 1923.6910400390625 1920.1619873046875 1913.3310546875 1907.762939453125 1903.3489990234375 1897.7149658203125 1894.864990234375 1891.041015625 1887.405029296875 1885.301025390625 1882.384033203125 1877.7259521484375 1873.280029296875 1869.1590576171875 1863.8819580078125 1855.9759521484375 1851.260986328125 1848.094970703125 1843.3780517578125 1842.1240234375 1844.3740234375 1846.927001953125 1849.136962890625 1848.4940185546875 1848.68603515625
1953.592041015625 1952.6419677734375 1952.677001953125 1952.6810302734375 1951.970947265625 1950.8389892578125 1951.77294921875 1952.333984375 1956.625 1960.5770263671875 1956.2139892578125 1954.3280029296875 1952.635009765625 1951.666015625 1947.5050048828125 1944.8790283203125 1942.0780029296875 1934.60595703125 1928.1629638671875 1923.5240478515625 1919.7979736328125 1915.364013671875 1910.5159912109375 1906.446044921875 1901.7359619140625 1897.4739990234375 1889.9000244140625 1888.7540283203125 1884.0999755859375 1881.4439697265625 1880.885009765625 1878.4539794921875 1873.6800537109375 1869.7960205078125 1865.8470458984375 1858.3800048828125 1850.012939453125 1846.5150146484375 1842.3759765625 1839.405029296875 1839.6920166015625 1843.89697265625 1845.43798828125 1846.344970703125 1844.968017578125
1951.2750244140625 1949.3580322265625 1949.0579833984375 1947.2869873046875 1945.7679443359375 1947.0379638671875 1947.458984375 1948.4090576171875 1950.376953125 1952.60595703125 1952.676025390625 1951.5250244140625 1949.7020263671875 1946.56201171875 1943.5469970703125 1939.7349853515625 1937.489990234375 1932.72900390625 1924 1919.498046875 1915.572998046875 1911.8699951171875 1909.083984375 1905.635009765625 1899.4029541015625 1895.89501953125 1887.260009765625 1884.47705078125 1882.22705078125 1877.18798828125 1876.81396484375 1876.85205078125 1873.4129638671875 1870.2550048828125 1864.990966796875 1859.7220458984375 1851.3289794921875 1844.2900390625 1840.9630126953125 1836.2869873046875 1837.0689697265625 1840.2010498046875 1841.4630126953125 1843.1490478515625 1841.4749755859375
1947.5880126953125 1945.47900390625 1943.926025390625 1942.0870361328125 1941.4210205078125 1942.1710205078125 1943.3509521484375 1945.0269775390625 1946.14404296875 1947.4730224609375 1949.0030517578125 1948.1929931640625 1945.6319580078125 1942.5140380859375 1938.9420166015625 1935.9720458984375 1932.8900146484375 1929.1319580078125 1923.885986328125 1918.9119873046875 1914.5670166015625 1908.8590087890625 1905.302001953125 1903.3260498046875 1899.39794921875 1894.0660400390625 1889.4200439453125 1881.0789794921875 1879.208984375 1875.612060546875 1872.6739501953125 1873.1739501953125 1871.5040283203125 1867.781982421875 1863.4610595703125 1859.58203125 1852.8330078125 1844.6739501953125 1838.4620361328125 1835.6309814453125 1833.6939697265625 1835.3360595703125 1836.449951171875 1839.177001953125 1838.6209716796875
1946.43896484375 1943.051025390625 1940.748046875 1938.427001953125 1937.7760009765625 1937.844970703125 1938.8890380859375 1938.7080078125 1940.4310302734375 1944.2430419921875 1946.906005859375 1945.864013671875 1942.2869873046875 1940.154052734375 1937.4849853515625 1934.06298828125 1931.0810546875 1927.52099609375 1923.425048828125 1919.7139892578125 1916.2099609375 1911.0980224609375 1904.4150390625 1898.1920166015625 1895.6199951171875 1892.31201171875 1887.18603515625 1880.9229736328125 1876.8509521484375 1874.5980224609375 1871.0069580078125 1867.802001953125 1866.9090576171875 1866.083984375 1861.06396484375 1856.2939453125 1851.011962890625 1845.708984375 1838.862060546875 1832.635009765625 1831.510009765625 1831.248046875 1832.3349609375 1832.9949951171875 1835.0560302734375
1945.738037109375 1942.126953125 1938.02001953125 1936.449951171875 1935.1409912109375 1933.4449462890625 1933.114990234375 1934.071044921875 1934.6719970703125 1939.2559814453125 1942.9229736328125 1942.0699462890625 1939.68798828125 1937.0260009765625 1935.2020263671875 1932.77001953125 1930.76904296875 1926.68798828125 1922.9620361328125 1919.22900390625 1915.303955078125 1910.9930419921875 1906.7469482421875 1901.154052734375 1893.9599609375 1889.4730224609375 1884.2840576171875 1880.10400390625 1875.4189453125 1872.3299560546875 1869.5240478515625 1866.5780029296875 1863.1280517578125 1861.4229736328125 1857.9620361328125 1854.3909912109375 1850.0350341796875 1844.4410400390625 1839.156005859375 1829.7840576171875 1827.012939453125 1826.885986328125 1828.64501953125 1828.04296875 1830.532958984375
1945.0760498046875 1941.748046875 1935.4599609375 1932.5169677734375 1931.3809814453125 1929.3719482421875 1928.31201171875 1929.531005859375 1929.31396484375 1932.156982421875 1932.56298828125 1931.81494140625 1933.760009765625 1933.927978515625 1932.635986328125 1931.5889892578125 1929.0479736328125 1925.97705078125 1922.5889892578125 1919.0799560546875 1916.18701171875 1912.633056640625 1908.56396484375 1904.43896484375 1899.97802734375 1897.343017578125 1893.6300048828125 1883.47705078125 1876.2850341796875 1871.18994140625 1868.06005859375 1865.0570068359375 1861.5260009765625 1858.487060546875 1855.615966796875 1852.843017578125 1849.7020263671875 1844.10595703125 1840.366943359375 1832.3509521484375 1824.2010498046875 1825.0799560546875 1824.5379638671875 1825.22802734375 1824.345947265625
1941.1429443359375 1938.990966796875 1935.06005859375 1930.012939453125 1928.344970703125 1926.291015625 1924.7960205078125 1925.18505859375 1923.47802734375 1924.47998046875 1924.8179931640625 1926.6729736328125 1929.113037109375 1930.43701171875 1929.4859619140625 1928.260009765625 1927.3609619140625 1924.4139404296875 1920.739990234375 1918.029052734375 1916.1710205078125 1914.177001953125 1910.6490478515625 1908.06103515625 1902.6829833984375 1898.3909912109375 1894.7779541015625 1887.7889404296875 1878.407958984375 1869.52294921875 1866.6009521484375 1863.72802734375 1860.029052734375 1857.0389404296875 1853.001953125 1850.237060546875 1847.8800048828125 1844.8699951171875 1840.0989990234375 1834.0579833984375 1825.6529541015625 1819.93603515625 1821.0560302734375 1819.4759521484375 1819.5260009765625
1936.989990234375 1937.2320556640625 1933.9320068359375 1927.27099609375 1925.7919921875 1923.594970703125 1920.7039794921875 1920.196044921875 1919.06005859375 1919.3709716796875 1919.8489990234375 1922.3360595703125 1926.1820068359375 1925.02197265625 1925.7860107421875 1924.3370361328125 1921.5400390625 1919.0340576171875 1916.7740478515625 1915.7490234375 1913.958984375 1912.4010009765625 1910.738037109375 1907.593017578125 1900.02001953125 1896.6070556640625 1893.261962890625 1887.989990234375 1880.8489990234375 1870.7039794921875 1864.1619873046875 1861.654052734375 1858.7330322265625 1855.823974609375 1852.79296875 1847.448974609375 1845.4210205078125 1844.637939453125 1840.529052734375 1834.8709716796875 1825.9449462890625 1817.071044921875 1817.0469970703125 1816.541015625 1815.987060546875
1932.7459716796875 1937.8170166015625 1936.7640380859375 1928.8050537109375 1921.89697265625 1919.9659423828125 1917.803955078125 1916.093017578125 1915.0689697265625 1914.699951171875 1915.3330078125 1915.741943359375 1919.10302734375 1921.7889404296875 1922.0260009765625 1921.373046875 1919.177978515625 1916.39794921875 1914.0179443359375 1912.615966796875 1911.56005859375 1910.2330322265625 1907.989013671875 1905.10302734375 1897.29296875 1893.387939453125 1890.093017578125 1886.8719482421875 1879.43505859375 1871.928955078125 1861.574951171875 1859.68798828125 1857.800048828125 1854.802978515625 1850.9029541015625 1846.364990234375 1842.0550537109375 1839.5689697265625 1838.85302734375 1834.218994140625 1827.7960205078125 1818.0479736328125 1810.8060302734375 1811.843994140625 1812.7850341796875
1925.998046875 1933.52197265625 1934.0009765625 1927.916015625 1922.85302734375 1916.2490234375 1915.4019775390625 1913.06103515625 1911.2080078125 1910.177978515625 1911.4110107421875 1912.008056640625 1913.301025390625 1918.0810546875 1918.8170166015625 1917.7060546875 1916.406982421875 1914.10205078125 1911.470947265625 1909.9200439453125 1908.3270263671875 1907.845947265625 1904.739013671875 1902.623046875 1897.5799560546875 1890.0579833984375 1886.2149658203125 1880.4429931640625 1875.1910400390625 1870.072998046875 1860.43798828125 1857.123046875 1854.9210205078125 1853.490966796875 1848.4560546875 1845.5589599609375 1840.8470458984375 1835.6669921875 1833.5269775390625 1831.6700439453125 1827.43896484375 1819.3489990234375 1808.637939453125 1808.2130126953125 1810.635986328125
1914.18603515625 1920.886962890625 1923.9310302734375 1923.77099609375 1919.1309814453125 1911.865966796875 1910.2469482421875 1909.032958984375 1907.1929931640625 1905.677978515625 1907.154052734375 1908.56298828125 1909.0689697265625 1912.074951171875 1914.324951171875 1914.7039794921875 1913.822021484375 1912.8089599609375 1909.0460205078125 1906.2650146484375 1903.635009765625 1900.4940185546875 1899.541015625 1896.0439453125 1893.22705078125 1888.56298828125 1884.9420166015625 1877.8900146484375 1873.2149658203125 1866.85595703125 1858.31494140625 1854.8480224609375 1852.6240234375 1850.593994140625 1846.89599609375 1842.7569580078125 1839.7850341796875 1834.262939453125 1830.6409912109375 1827.5560302734375 1824.0369873046875 1817.739013671875 1808.6929931640625 1806.614013671875 1806.2459716796875
1906.800048828125 1910.3310546875 1912.907958984375 1914.2320556640625 1912.1180419921875 1906.56005859375 1906.001953125 1904.5 1903.280029296875 1902.375 1902.4580078125 1903.822021484375 1906.02294921875 1908.7550048828125 1909.092041015625 1908.251953125 1909.625 1910.8499755859375 1907.5030517578125 1903.1910400390625 1899.3349609375 1895.656005859375 1893.6939697265625 1891.04296875 1889.9210205078125 1891.93505859375 1888.448974609375 1882.02294921875 1869.1500244140625 1864.260009765625 1855.7769775390625 1852.2320556640625 1850.0970458984375 1848.697998046875 1845.18505859375 1840.7900390625 1837.7889404296875 1832.4439697265625 1828.7960205078125 1825.2879638671875 1821.3079833984375 1815.2750244140625 1811.9010009765625 1805.3160400390625 1800.9759521484375
1901.6519775390625 1901.470947265625 1903.781005859375 1908.0059814453125 1908.6820068359375 1906.279052734375 1902.39404296875 1901.1949462890625 1899.6729736328125 1898.5419921875 1897.614990234375 1898.990966796875 1900.498046875 1902.925048828125 1903.6700439453125 1904.508056640625 1906.282958984375 1907.739013671875 1904.970947265625 1900.7509765625 1897.029052734375 1893.7740478515625 1889.2359619140625 1886.737060546875 1885.843994140625 1887.844970703125 1889.6629638671875 1882.3179931640625 1865.697021484375 1859.6839599609375 1853.696044921875 1849.60400390625 1847.4539794921875 1845.6689453125 1843.2679443359375 1839.2939453125 1836.4639892578125 1832.4169921875 1826.5 1824.177978515625 1819.302978515625 1815.56396484375 1812.2769775390625 1807.469970703125 1800.06201171875
1896.9320068359375 1896.885009765625 1900.2340087890625 1903.697021484375 1902.612060546875 1902.9110107421875 1899.4630126953125 1897.428955078125 1896.7640380859375 1894.4630126953125 1893.6240234375 1893.6510009765625 1895.4310302734375 1896.842041015625 1900.0899658203125 1900.7440185546875 1901.676025390625 1905.1180419921875 1901.4000244140625 1897.9739990234375 1895.5 1891.56494140625 1885.7879638671875 1883.1300048828125 1881.593017578125 1882.093994140625 1881.373046875 1877.1409912109375 1868.302978515625 1856.8330078125 1850.1510009765625 1847.051025390625 1844.5169677734375 1843.906982421875 1841.0489501953125 1838.135009765625 1835.031005859375 1832.0169677734375 1827.112060546875 1820.8690185546875 1817.91796875 1814.7569580078125 1811.384033203125 1804.968017578125 1800.18505859375
