{
    "top": 40.3274378882114,
    "left": -4.582548828125008,
    "bottom": 40.29093795919304,
    "right": -4.516627960205084
}

