{
    "top": 40.41256067790671,
    "left": -4.327460021972664,
    "bottom": 40.362505029505485,
    "right": -4.234244995117193
}